1880726711589060934
1880683180631757040
1880586462665822545
1880585205158924433
1880583105477742665
1880533902965813694
1880496690257621340
1880495401234551223
1880492330534236188
1880490403113365747
1880339433800757478
1880185088971010152
1880181071813517576
1880169456418349399
1880168056934265175
1880165848335413363
1880153016722157720
1880119020168593457
1880110924167803381
1880110879724941649
1880108227024846895
1880107489590730811
1880096350433661339
1879992164018712981
1879991691719151658
1879597752713355516
1879596992126767197
1879564626838622645
1879564559234801903
1879444200930107602
1879440670789878252
1879389086966075551
1879369304845820364
1879083343691812951
1879083239362732509
1877478059550584957
1877467214288191542
1877464623500112013
1877451874439176685
1877073951924322373
1877063491074269225
1877061840561213777
1877061270546833664
1876768611731189831
1876767620046663912
1876748390630908383
1876724658155712730
1876615537327067630
1876615402622693781
1876574685233868919
1876574408552448279
1876516867411738742
1876516440603517213
1876200110704730613
1876100782023462935
1875971329230623066
1875954353363980390
1875845462718386252
1875790104746450950
1875744345762230587
1875643243242910030
1875642504739254284
1875642369078702582
1875641828139237736
1875446962709024968
1875125487972090314
1875118586760667487
1875106408578068817
1875055393401159775
1875055283388706928
1875016330774200820
1875016288290193916
1874735333352599819
1874639325381750801
1874622787123601716
1874613698540818657
1874600204311335141
1874578480597549083
1874575350300328034
1874573055227572672
1874413753246294137
1874380225129419049
1874357345524003183
1874340196936016105
1874320295454269627
1874319641109303487
1874309367392330057
1874308801614274975
1874251742503985362
1874237479655719050
1874235589928902845
1874215713059353023
1874215284938334264
1874203992043249986
1874046375715066023
1874043068191826062
1873991740375654892
1873685987731329368
1873660401378017289
1873658953101639915
1873658394693005317
1873657025907118172
1873585560033665230
1873452877756473349
1873210525653635376
1873145091684221361
1873144642394571194
1873132299954630688
1872870115068490071
1872868073063235674
1872861241913627131
1872860787762765845
1872113536362791043
1872110537850642644
1872079796362174774
1872078966976323834
1872074642506322013
1872067583362707801
1872067437778346012
1872066333925601398
1872066052303298770
1872061539194454480
1872060333080314125
1872059698679271841
1872059454847697201
1872059325281452057
1872056759101329561
1872052493003505814
1872012863273152861
1872010830742761492
1872010726019342650
1871861461062127956
1870899837928878565
1870890393887195557
1870886143275003960
1870759048049721609
1870757281417347272
1870750141352980640
1870750096092221474
1870749652490014824
1870748089285279863
1870636280893395151
1869881150581190832
1869856784619581663
1869849423884455994
1869845185578033559
1869840960487924197
1869840700642320816
1869835964358766737
1869834486906769592
1869833483318899192
1869685517673246807
1869205046589808886
1869204954864578870
1869130001729438192
1869123019110801515
1869098989389549930
1868840248236761292
1868838024504918347
1867999193366966579
1867850441008328998
1867837142535483432
1867833676647784712
1867781704750190741
1867778118687330417
1867504934331330722
1867462770360561666
1867412599803195719
1867296159334560230
1867102431068426647
1867093076210008298
1867059456594661536
1867055142648025092
1866772352190537993
1866772201472430189
1866771933280207074
1866771720591360240
1866695403913293972
1866585259040469381
1866525016873111909
1866384245326803316
1866375096413376872
1866323386282258614
1864489598753161339
1864486578296336555
1864472405436953024
1864472072933581038
1864395231879417968
1864383972010262619
1864381050748850184
1864196304919732289
1864195113653571633
1864195036562288960
1864190072293142961
1864189803442438627
1864021887850029417
1863995794883272953
1863994133083201777
1863925578883072357
1863642431683457470
1863619269151306017
1863618950107447421
1863614083880075739
1863591096162382322
1863589236873601227
1863587758935073081
1863350680800370832
1863299065431081254
1863198775268798875
1863196751244534082
1863196564899938524
1863194712477204510
1863185622539653196
1863068176340152752
1863064454302142732
1863058002321850645
1862670036944437346
1862665860571152617
1861222034937672101
1861167622781313180
1861166550222287127
1861165365872484780
1861004129553789347
1860982612937818148
1860981030812844298
1860931869962871167
1860635830290624657
1860635674853925144
1860635477172212110
1860634969128751236
1860634765197463679
1860634205199196594
1860588489189835003
1860588333790888394
1860578824246673825
1860548081525158138
1860527918184636583
1860526125899829640
1860524596778143915
1860517595754942832
1860515878703374524
1860512882514858424
1859791930059878892
1859428752662442199
1859428661943845136
1859424901997744218
1859191035924004995
1858812953681686749
1858798514752679966
1858753587544736110
1858615341502378131
1858473429134876785
1858469433921937409
1858419742270197906
1858417429350682693
1858417156578238487
1858397304937386288
1858393331501293652
1858388638502932939
1858387562634625512
1858367915877081482
1858364429299061158
1857968616236269845
1857673244469244116
1857647288346157308
1857644666755362965
1857555999478997434
1857283318418440702
1857280944903790911
1857279765289267459
1857275935843578245
1857271813165797602
1857271717753671850
1857270383931506868
1857269010888327331
1857229414951477394
1856953629820756002
1856945257608364469
1856906577887871227
1856194174229385227
1856190061949178063
1855916431298138169
1855905035076464806
1855532233496334663
1855138383971909780
1854446072250167516
1854285315810488831
1854265155976372635
1854072099507151307
1854060534108176473
1854050978045022513
1854038394965213320
1853925348343238884
1853905479057232167
1853903908088762452
1853903688068161878
1853685743736029243
1853659628510310807
1852948261793079572
1852832062933213596
1852831703359758500
1852829861821444290
1852827349743484968
1852802366992756938
1852436626091528304
1852105495022346647
1852105392634945659
1852072039990853756
1851923460102160798
1851914487323820063
1851911949321130357
1851857724864106937
1851854891485979092
1851854726423339267
1851854512647979370
1851854429042946287
1851853607689220295
1851424596978712929
1851424103116247365
1851421976998355104
1851369686660706538
1851287419473047713
1851286450433560926
1851282751674007678
1851200814548672846
1851145194311233731
1851115795671110085
1851113804198760722
1850950520321573294
1850943423425249482
1850799218559951305
1850795421221671297
1850785777103315222
1850781328767132029
1850499317137617115
1850480303720034467
1850447630960116146
1850435471089774972
1850416066607886802
1850395107922498036
1850382155404251262
1849620911537734053
1849304860853743809
1849261249361850377
1849252761826996338
1849229438661116414
1848879876285006033
1848636342302884325
1848621253264884085
1848620870161281063
1848619552747172290
1848616880975605970
1848616548379824254
1848615117178503667
1848613600731987968
1848595583629447205
1848552431879152090
1848470353179214005
1848468870614683682
1848462195543199993
1848461735365128680
1848461361279607001
1848459732006093083
1848459473615982776
1848456389544579395
1848455798302904786
1848427188107817177
1848423205536731488
1848339922677068103
1848319226961911866
1848301283280605267
1848296865407656141
1848291640881864959
1848287325144350745
1848287086744314288
1848280974330597667
1848251576349028718
1848226703140643309
1848220508543729753
1847955583560790480
1847869011536859551
1847864436599456225
1847862594410778885
1847855067413586332
1846992573958590730
1846832857668280784
1846831916227482041
1846831834815951299
1846831515587514612
1846831333860905307
1846830871308825032
1846827685487501393
1846826635233804648
1846826244718911977
1846247156761743473
1846051590995955736
1846050638532415733
1845923016972423479
1845662148955127826
1845661883275305013
1845546945504547128
1845321520224317796
1845317363475837265
1845315106986655863
1845303025377657334
1845275925153186260
1844946822550163858
1844792444228931759
1844780545122738437
1844780361726796208
1843915741848056082
1843912439227957290
1843356861137105222
1843203946401374370
1843152643990200728
1843152163721384184
1843148967909208298
1843148334791593996
1843146033062445300
1843145861515407728
1843144203758707137
1843038529229885473
1843030846082859431
1842646634447991195
1842639031357833540
1842637922291298678
1842633393281925590
1842628056873390355
1842475791147229364
1842451882754682893
1842451641745707024
1842444811871375500
1841700439433347205
1841461826854216002
1841149859295797328
1841140806658179340
1841139755582435584
1840965104562532674
1840953425191637117
1840951994896253395
1840951732391518428
1840943888481374667
1840932319399723348
1840920744689352918
1840895237733883957
1840880327402848537
1840876683298996396
1840776223028396198
1840771546505158723
1840768496445083927
1840765670100791626
1840765593743507651
1840765236674023445
1840765011951493490
1840755771874660699
1840678754680487959
1840678471057473630
1840608935339819505
1840586986177826869
1839919720759525526
1839899566428049680
1839821386614702093
1839328569362948567
1839325538177196203
1839319740818534508
1839046906888036830
1837147195411419543
1836713405690064897
1836711854955221430
1836702904779977174
1836693931075281377
1836693788967817578
1836690366835413433
1836688811453206640
1836230667153338507
1836228608291156362
1836180121767809348
1836171879582937572
1835955067289206795
1835954417524469817
1835862844732211514
1835859841350578513
1835841649672675691
1835660718953402836
1835521631932096919
1835494372391215278
1834183868259467774
1834063759910076916
1833975547757822259
1833947456863961603
1833492614181753018
1833235063443755492
1833229267922260437
1833225385716421044
1833222827648159995
1833218022837809597
1833217397253411038
1831620366227411339
1831597808589402484
1831597183935901861
1831597086565134567
1831509454829056317
1831481623193514039
1831437367200423988
1831426749026238883
1831425675561209878
1831422317194580323
1831421054268666212
1831417872259887600
1831417064688697762
1831415980150640978
1831414230068961770
1831273685266887146
1831273475585253839
1831273348615241819
1831261517511340431
1831257862229966940
1831254235989868681
1831057712098214313
1830639154264416355
1830636354470064528
1830635856039931929
1830634944269623515
1830634163801862209
1830634012072870283
1829472280579285363
1829470665097015374
1829391888023187773
1829386777141903795
1829386752257384814
1829386691028922662
1829305356528595254
1828751165376659713
1828750950422745483
1828749851464798689
1828746097449431454
1828717689499480081
1828674676391825801
1828656656751734801
1828371778311463161
1828260692241359287
1828184794498482448
1828036165615952065
1827849688902676587
1827669685808349537
1827664368470761927
1827664131882926190
1827663393169580133
1827663378107822339
1827553664434946478
1827520982770446523
1827520871675973888
1827379840326267041
1827379438411194685
1827373287825142162
1827310883762257981
1827298996311724469
1827291623136559166
1827291543004446762
1827177009237389710
1827142010501001672
1827140970221281548
1827135708039148028
1827128388940919183
1827127629281108371
1827120954394493138
1827120751876698509
1826955405907435534
1826417786996097449
1826416432965714287
1826415362793242672
1826397795026436371
1826396246250324149
1826373916534997485
1826372098480374231
1826368374148116766
1826366744291934277
1826365822971118053
1826358787244216609
1826358263279222801
1826221431363076241
1826213902000271668
1826185405168853281
1826184906776748424
1826181334932541816
1826161812829778036
1826160555410993444
1826158485442318836
1826154837320544653
1826142367067390222
1826141597618311501
1826141014249340961
1825878447144751248
1825872743600107887
1825831279973314855
1825826716801196304
1825826334624600103
1825390165529084093
1825007955529338947
1825007365411975586
1825003820222718270
1824960132268335198
1824660965046227424
1824569419852550385
1824507318509375663
1824496271249510458
1824360511351488852
1824287155059036402
1824280836541468710
1824260028905427259
1824210550894764504
1824206405123051640
1824205643798266354
1824204160243470438
1824052953948598414
1824046802179604831
1824045920264315292
1823940366137221473
1823939827680854121
1823938388438999168
1823936727485927693
1823936222928232785
1823935171386859586
1823922876027953555
1823921090269450709
1823921011450069361
1823912069814714563
1823897785172943023
1823894800866926634
1823893856934617458
1823854762166718676
1823845433728483621
1823828125702349046
1823746998916538730
1823683774804320512
1823664118198624554
1823565862668001464
1823504679944511534
1823504335336300839
1823504118222344364
1823503907387269595
1823472499025436720
1823309822743523667
1823308593757835696
1823298305427955968
1823298195419730341
1823141662173925861
1823132479684829385
1823132343718252988
1823131005735112712
1823130587357462589
1823120814952321157
1823120447967494284
1823110520859476346
1823104527329071466
1823092187569291719
1823088652702085519
1823084634617589875
1822862502780354979
1822752572840771787
1822745501877551242
1822732199256625428
1822731199129014378
1822728446675648648
1822718816893448421
1822714633205248471
1822561184169820442
1822535728955621395
1822535298498396604
1822510921702686801
1822508636675211766
1822487484623970716
1822414292903465085
1822414229753966619
1822383742033543411
1822382986740060269
1822169894374248762
1822168470127006031
1822166824454107262
1822166466843840520
1822141449179115738
1822126104087523675
1822125482772668891
1822118529547772295
1822085967924351061
1822077339620270145
1822022891455836415
1822020110741385395
1822019697484968255
1822019132013117466
1822017331134116100
1822016866690461717
1821968759827095608
1821968681708159278
1821967576156786842
1821921208641974280
1821918924809883980
1821852019172495507
1821849064176283677
1821809478821670968
1821807774457864293
1821806830219358471
1821691742242140323
1821690285598110012
1821681000176611497
1821680107561611608
1821669083286475110
1821662072683557053
1821650847413293058
1821646634113265874
1821646177085091956
1821645769587486725
1821643269253775592
1821636794208940139
1821632423979053385
1821621801279164565
1821621471430721782
1821621294707933389
1821615682288808210
1821614701681492409
1821612162122707323
1821612034347462703
1821604167271772578
1821414047323213907
1821412217641951573
1821409018965021176
1821395415759192210
1821394592060846310
1821388669946900593
1821386576947253451
1821386463470297466
1821384558170030289
1821383050678399087
1821319020228100547
1821316912829362264
1821312650946793687
1821308435444748601
1821307244971225589
1821294187947684191
1821294055378370991
1821288241406079347
1821283338029855013
1821276900956029001
1821275633449865491
1821271891241529409
1821271472985534535
1821271389095260439
1821271356350280077
1819444012811719062
1818350397754622153
1817790127470432737
1817789577043571069
1817788136312709440
1817785970059554911
1817785184378396886
1817780195736314129
1817779296519213115
1817779242954117354
1817777924751217028
1817777652058485063
1817776372577656837
1817770614079328378
1817769886388506985
1817769736085619169
1802865008424173650
1787775230397780420
1776831038242594900
1578668446316756992