1880455645650133150
1880307710190842160
1879561640192196758
1879413760412221474
1879406524097028145
1878506815106728021
1878228362788778063
1877975634804134152
1877620615667945903
1876795649837969470
1876559102249488781
1876421475756130578
1876030332983812470
1875953031839428861
1875791838600425615
1875744269958574360
1875525339268760012
1875039754234032290
1875001974929953165
1874598767783264711
1874572553328754963
1874429797067296856
1874354192128893264
1874333467074547729
1874322849831542805
1874320769674862924
1873882125084266705
1873661619072643519
1873579895588360284
1873279052108447996
1872110167904723152
1871846868713447487
1871833164613919141
1871484678299152582
1871041199093817464
1870908823067906205
1870886262997123472
1870740472848933223
1869837216526283217
1869124110321947060
1867413979284541549
1867400531058069670
1867358598688362813
1866768604554842399
1866609971720262107
1866560845679149179
1866375302827450538
1866324376913621487
1866322756637237500
1865984436514299969
1864142730663809199
1864042317675434275
1863924235539775866
1863172678577701012
1862640369583726891
1862004538036654135
1861220713312436730
1861162351099007444
1860843270231994857
1860548081525158138
1860526432113316221
1860525050077565048
1860519062968684705
1860321078423204021
1859891122719592464
1859863816672325804
1859425997466280328
1859423839211417931
1859146379634823303
1859036079544037806
1858786156902502508
1858635516444352809
1858615494531518899
1858613702947193173
1858613521166016921
1858473136104095935
1858472883275681881
1858421829519528238
1858418838271914213
1858296034788573572
1857644491621970099
1857636838648807695
1857281109429543074
1857220466420715776
1857219273099276573
1856989161636384940
1856946191080026290
1856903049689682053
1856133194396905654
1855911164955209730
1855870398329467284
1855838095498772982
1855796937531998585
1855767612770136262
1855498993138028947
1855486287593025945
1855401720991338651
1855389254052200867
1855144042306097181
1855127292248285472
1855121763958489136
1855057571406545362
1854331150090518691
1854326670204731505
1854309834574754245
1854277431202623789
1854060273277227516
1854045267755995188
1853592964171252116
1852977135142473762
1852973017552318473
1852968427230556581
1852944834417283336
1852681476472496340
1852670827226861950
1852635645333712920
1852431374164340872
1852275119638327530
1852258447405830427
1851374712867238159
1851287036495347998
1851286936893132978
1851286045737783420
1851223913738485761
1851186059008164157
1851185507243323815
1851140926371938592
1851113556181221742
1851058407748616512
1850948773381321069
1879059582179496069
1879054798198350232
1871994246674395139
1871994246674395139
1860518822152741223
1859404068830994910
1857641312071163987
1851832285944811773
1851205612593463478
1850463801436430798
1850456510389785024
1850433971324064233
1850411057367441497
1850380977224204656
1849940246592647490
1849293928194818150
1849260262475329820
1849257405462553032
1849255979894149624
1849255427478855779
1849180979237118068
1848892781646757992
1848892307744972932
1848873199901302936
1848635520181526760
1848620810962948447
1848559649630392542
1848554863602311410
1848532005945819575
1848527575959945580
1848515898253906337
1848513238222172527
1848461182148952339
1848435929670946875
1848320509659820320
1848296303190552759
1848274365739069441
1848235054922662240
1848234052706320438
1847868546929570186
1847864931174973895
1847855246095106547
1846831990407888925
1846826727013589366
1845918586281574528
1845317821154160653
1845271735488123312
1845153720473977070
1844984810449604960
1844954926037778845
1844947240281833607
1844947177631514885
1844943513487647138
1844937760240464013
1844607655400091925
1843983094019399869
1843908247704744092
1843744552466952198
1841696618484994439
1841256113133465775
1841201579921191324
1841180733777592589
1840960625381450010
1840947046716441083
1840880186381783424
1840753634616766715
1840746576538722609
1840741599698944456
1840697517568074030
1840610362539810904
1840587903346348323
1840585406313566538
1840558205560086863
1840555119814787199
1840543675421454717
1840520436859228382
1840244951084609595
1840234415407935606
1839920838067265759
1839900994366284064
1839900972484603936
1839899779821715605
1839821282830942377
1839719914438885823
1839329596732473540
1839052298363773358
1839048928496594973
1839046743960465881
1836695900762345823
1836689314811617554
1836181310269984940
1835935446867812648
1835642891370467632
1835525368188699042
1834005289529737692
1833958967237902520
1833958533320376607
1833683608802144602
1833525246005284926
1833491910536925259
1833475648184324336
1833244973741052117
1833244060443939161
1833217320954499573
1833034875106099435
1832710870994239876
1831841928134193476
1831841721472446913
1831829666199744810
1831797258872090919
1831434627715887587
1831423471794188335
1831420883879260226
1831095295704457363
1831053306103472487
1830758938406707488
1830441730627580348
1830168096344289363
1829908620315934882
1829908331227726256
1829621491333546065
1829438749178048670
1829419356826255600
1829390507686183108
1829371727232807041
1829147674165293424
1828746477956694077
1828745309004186054
1828717971256283382
1828665685356257680
1828399419936645342
1828356518221144243
1828355851196780823
1828353262317375598
1828297511280472539
1828228137618153628
1828185069342880185
1828176417135436140
1828172335884685664
1828004542858002645
1827995387560599756
1827995091015008359
1827896897459339684
1827860105272111541
1827858719478362182
1827854424661987459
1827605895075000411
1827585713967431933
1827585161745330371
1827564382743883847
1827554680559255713
1827343509671834048
1827216814587449849
1827132643416453152
1827124680911942058
1827061360368484370
1827059582444990701
1826416865746583936
1826388866926084119
1826388596926153131
1826368511813583248
1826213812489593028
1826198748298699156
1826191986510147722
1826184716531519864
1826183293488038339
1826181720603017475
1826168300155580700
1826144365363843259
1826129701661749525
1826125717500997932
1826051137738584485
1826029281123905933
1825701738504139227
1825380797781840117
1825045390175141985
1825043729599602797
1824954703291306386
1824648901108044204
1824574724153938279
1824572853200753140
1824510456926704097
1824510182929637599
1824509882185420876
1824483099096531148
1824482900894687543
1824482742194802832
1824288248279208183
1824204379513294859
1824056879577989348
1823941413949808732
1823937934166516146
1823895808972136664
1823845685177008217
1823746949872570425
1823727324384391609
1823679796145996083
1823623414650998893
1823623361798529431
1823504270970482899
1823475150958067843
1823310737563082955
1823133551069732931
1822863522528952625
1822863396997595636
1822862891739152790
1822771252031058068
1822749461569024185
1822744852251201621
1822724528390525170
1822539926031786293
1822527449365975404
1822520502835155396
1822494711170638279
1822433259567124716
1822433165006496023
1822382726332502360
1822128996529942615
1822031011674489329
1822024350478037276
1821996326286188688
1821995431594963001
1821981148236673180
1821978671747592428
1821963180647838107
1821930088700715040
1821919504529809736
1821919260375220703
1821800041142693912
1821793468328636655
1821781215143149588
1821777827714494481
1821677854880624671
1821656850057851043
1821656443625619522
1821643146033557717
1821634962795458989
1821615786655674498
1821611025701204077
1821408324614525216
1821407488924881049
1821317411263672550
1821317066634490110
1821316536474501488
1821313124655624444
1821307128499548601
1821306044703998058
1821303583809376515
1821302251979469240
1821300378174157155
1821295194991685959
1821276690347413675
1821274408008479083
1817789861329248741
1817788936623649119
1817788880344564041
1817789861329248741
1817789861329248741
1817788936623649119
1817788880344564041
1817789861329248741
1817788936623649119
1817788880344564041
1817787936550572102
1817771355636470070